ply
format ascii 1.0
comment Created by CloudCompare v2.12.3 (Kyiv)
comment Created 2023-03-03T14:52:54
obj_info Generated by CloudCompare!
element vertex 1106848
property float x
property float y
property float z
property float scalar_PointSourceId
property float scalar_UserData
property float scalar_ScanAngleRank
property float scalar_EdgeOfFlightLine
property float scalar_ScanDirectionFlag
property float scalar_NumberOfReturns
property float scalar_ReturnNumber
property float scalar_GpsTime
property float scalar_Intensity
property float scalar_Classification
end_header
562165.937500 4189262.500000 7.260000 16303.000000 32.000000 -19.000000 0.000000 0.000000 1.000000 1.000000 -39618200.000000 17.000000 1.000000 
562166.000000 4189262.750000 7.170000 16303.000000 32.000000 -19.000000 1.000000 1.000000 1.000000 1.000000 -39618200.000000 15.000000 1.000000 
562165.937500 4189264.750000 7.230000 16303.000000 32.000000 -19.000000 0.000000 0.000000 2.000000 2.000000 -39618200.000000 7.000000 1.000000 
562165.000000 4189264.250000 7.190000 16303.000000 32.000000 -19.000000 0.000000 0.000000 1.000000 1.000000 -39618200.000000 17.000000 1.000000 
562164.562500 4189264.000000 7.140000 16303.000000 32.000000 -19.000000 0.000000 0.000000 1.000000 1.000000 -39618200.000000 17.000000 1.000000 
562164.625000 4189264.000000 7.180000 16303.000000 32.000000 -19.000000 1.000000 1.000000 1.000000 1.000000 -39618200.000000 21.000000 1.000000 
562165.062500 4189264.250000 7.160000 16303.000000 32.000000 -19.000000 0.000000 1.000000 1.000000 1.000000 -39618200.000000 23.000000 1.000000 
562165.437500 4189264.500000 7.160000 16303.000000 32.000000 -19.000000 0.000000 1.000000 2.000000 2.000000 -39618200.000000 17.000000 2.000000 
562165.875000 4189264.750000 7.180000 16303.000000 32.000000 -19.000000 0.000000 1.000000 2.000000 2.000000 -39618200.000000 7.000000 2.000000 
561972.437500 4189263.000000 5.350000 16304.000000 32.000000 10.000000 0.000000 0.000000 1.000000 1.000000 -39617908.000000 57.000000 2.000000 
561973.937500 4189262.750000 5.490000 16304.000000 32.000000 10.000000 0.000000 1.000000 1.000000 1.000000 -39617908.000000 62.000000 2.000000 
561973.312500 4189262.000000 5.670000 16304.000000 32.000000 10.000000 0.000000 1.000000 1.000000 1.000000 -39617908.000000 49.000000 1.000000 
561972.750000 4189260.500000 5.850000 16304.000000 32.000000 10.000000 0.000000 0.000000 1.000000 1.000000 -39617908.000000 49.000000 1.000000 
561973.437500 4189261.250000 5.830000 16304.000000 32.000000 10.000000 0.000000 0.000000 1.000000 1.000000 -39617908.000000 42.000000 1.000000 
561974.000000 4189262.250000 5.780000 16304.000000 32.000000 10.000000 0.000000 0.000000 1.000000 1.000000 -39617908.000000 44.000000 1.000000 
561975.000000 4189261.250000 5.610000 16304.000000 32.000000 10.000000 0.000000 1.000000 1.000000 1.000000 -39617908.000000 73.000000 2.000000 
561974.375000 4189260.500000 5.610000 16304.000000 32.000000 10.000000 0.000000 1.000000 1.000000 1.000000 -39617908.000000 60.000000 1.000000 
561973.750000 4189259.500000 5.580000 16304.000000 32.000000 10.000000 0.000000 1.000000 1.000000 1.000000 -39617908.000000 64.000000 2.000000 
561974.937500 4189260.500000 5.540000 16304.000000 32.000000 10.000000 0.000000 0.000000 1.000000 1.000000 -39617908.000000 62.000000 2.000000 
561976.187500 4189262.250000 5.630000 16304.000000 32.000000 10.000000 0.000000 0.000000 1.000000 1.000000 -39617908.000000 57.000000 1.000000 
561978.625000 4189263.250000 5.630000 16304.000000 32.000000 10.000000 0.000000 1.000000 1.000000 1.000000 -39617908.000000 58.000000 2.000000 
561978.000000 4189262.500000 5.600000 16304.000000 32.000000 10.000000 0.000000 1.000000 1.000000 1.000000 -39617908.000000 57.000000 2.000000 
561977.375000 4189261.500000 5.900000 16304.000000 32.000000 10.000000 0.000000 1.000000 1.000000 1.000000 -39617908.000000 51.000000 1.000000 
561977.062500 4189260.000000 22.370001 16304.000000 32.000000 10.000000 0.000000 0.000000 2.000000 1.000000 -39617908.000000 3.000000 1.000000 
561977.625000 4189260.750000 21.889999 16304.000000 32.000000 10.000000 0.000000 0.000000 2.000000 1.000000 -39617908.000000 0.000000 1.000000 
561976.500000 4189259.500000 5.730000 16304.000000 32.000000 10.000000 0.000000 0.000000 2.000000 2.000000 -39617908.000000 38.000000 1.000000 
561978.312500 4189261.750000 22.350000 16304.000000 32.000000 10.000000 0.000000 0.000000 2.000000 1.000000 -39617908.000000 3.000000 1.000000 
561977.125000 4189260.250000 5.580000 16304.000000 32.000000 10.000000 0.000000 0.000000 1.000000 1.000000 -39617908.000000 46.000000 2.000000 
561977.750000 4189261.250000 5.720000 16304.000000 32.000000 10.000000 0.000000 0.000000 1.000000 1.000000 -39617908.000000 47.000000 1.000000 
561978.375000 4189262.250000 5.670000 16304.000000 32.000000 10.000000 0.000000 0.000000 1.000000 1.000000 -39617908.000000 47.000000 2.000000 
561980.937500 4189263.500000 5.670000 16304.000000 32.000000 10.000000 0.000000 1.000000 1.000000 1.000000 -39617908.000000 51.000000 2.000000 
561980.312500 4189262.750000 5.670000 16304.000000 32.000000 10.000000 0.000000 1.000000 1.000000 1.000000 -39617908.000000 56.000000 1.000000 
561979.687500 4189261.750000 5.630000 16304.000000 32.000000 10.000000 0.000000 1.000000 1.000000 1.000000 -39617908.000000 47.000000 1.000000 
561979.062500 4189260.750000 5.550000 16304.000000 32.000000 10.000000 0.000000 1.000000 1.000000 1.000000 -39617908.000000 55.000000 2.000000 
561978.437500 4189260.000000 5.610000 16304.000000 32.000000 10.000000 0.000000 1.000000 1.000000 1.000000 -39617908.000000 55.000000 2.000000 
561977.875000 4189259.000000 5.590000 16304.000000 32.000000 10.000000 0.000000 1.000000 2.000000 2.000000 -39617908.000000 55.000000 2.000000 
561978.375000 4189259.500000 22.260000 16304.000000 32.000000 10.000000 0.000000 1.000000 2.000000 1.000000 -39617908.000000 7.000000 1.000000 
561978.625000 4189259.500000 5.620000 16304.000000 32.000000 10.000000 0.000000 0.000000 2.000000 2.000000 -39617908.000000 47.000000 2.000000 
561980.125000 4189261.500000 19.590000 16304.000000 32.000000 10.000000 0.000000 0.000000 2.000000 1.000000 -39617908.000000 0.000000 1.000000 
561979.250000 4189260.500000 5.720000 16304.000000 32.000000 10.000000 0.000000 0.000000 1.000000 1.000000 -39617908.000000 29.000000 1.000000 
561980.562500 4189262.250000 5.710000 16304.000000 32.000000 10.000000 0.000000 0.000000 2.000000 2.000000 -39617908.000000 22.000000 1.000000 
561981.125000 4189263.000000 5.590000 16304.000000 32.000000 10.000000 0.000000 0.000000 2.000000 2.000000 -39617908.000000 34.000000 2.000000 
561982.625000 4189263.000000 5.570000 16304.000000 32.000000 10.000000 0.000000 1.000000 2.000000 2.000000 -39617908.000000 1.000000 2.000000 
561983.062500 4189263.250000 21.040001 16304.000000 32.000000 10.000000 0.000000 1.000000 1.000000 1.000000 -39617908.000000 30.000000 1.000000 
561980.812500 4189260.250000 5.680000 16304.000000 32.000000 10.000000 0.000000 1.000000 2.000000 2.000000 -39617908.000000 18.000000 1.000000 
561980.187500 4189259.250000 5.590000 16304.000000 32.000000 10.000000 0.000000 1.000000 3.000000 3.000000 -39617908.000000 5.000000 2.000000 
561981.625000 4189261.250000 18.950001 16304.000000 32.000000 10.000000 0.000000 1.000000 3.000000 1.000000 -39617908.000000 3.000000 1.000000 
561981.125000 4189260.500000 20.030001 16304.000000 32.000000 10.000000 0.000000 1.000000 2.000000 1.000000 -39617908.000000 25.000000 1.000000 
561980.875000 4189259.500000 5.650000 16304.000000 32.000000 10.000000 0.000000 0.000000 2.000000 2.000000 -39617908.000000 27.000000 1.000000 
561983.125000 4189262.500000 21.070000 16304.000000 32.000000 10.000000 0.000000 0.000000 2.000000 1.000000 -39617908.000000 28.000000 1.000000 
561981.500000 4189260.250000 5.510000 16304.000000 32.000000 10.000000 0.000000 0.000000 2.000000 2.000000 -39617908.000000 7.000000 2.000000 
561983.750000 4189263.250000 21.070000 16304.000000 32.000000 10.000000 0.000000 0.000000 1.000000 1.000000 -39617908.000000 19.000000 1.000000 
